5
47
56
65
89
109
126
128
133
143
265
365
370
403
430
431
432
433
434
435
437
438
439
440
441
458
459
468
469
470
471
472
473
476
478
481
483
484
485
486
487
488
490
492
493
494
495
496
497
501
502
504
505
506
510
515
517
519
520
531
532
533
534
535
536
537
538
539
540
541
547
554
557
558
559
560
561
562
565
566
567
569
570
571
573
574
575
577
578
579
580
581
608
609
610
611
612
613
614
615
616
618
619
620
621
622
624
625
626
627
628
631
632
650
651
653
654
655
656
657
658
659
661
662
663
664
673
682
689
700
706
707
708
713
714
719
721
722
725
726
727
729
730
732
733
734
735
736
746
758
766
784
786
788
789
790
791
792
793
795
805
806
833
834
835
838
842
844
846
848
854
858
860
862
864
866
870
871
872
874
876
882
886
890
892
894
900
902
905
906
908
910
914
918
920
922
924
926
928
931
936
940
944
946
950
952
955
956
960
962
964
967
971
973
975
977
979
981
983
985
987
989
991
993
997
999
1001
1003
1005
1007
1011
1015
1017
1021
1023
1025
1027
1029
1031
1037
1039
1043
1045
1049
1053
1059
1063
1070
1076
1087
1089
1090
1091
1095
1101
1105
1107
1109
1123
1127
1128
1129
1131
1133
1135
1137
1138
1139
1150
1152
1153
1159
1184
1366
1385
1403
1459
1500
1538
1940
2006
2023
2024
2052
2120
2171
2172
2173
2174
2175
2176
2342
2352
2363
2364
2365
2367
2370
2374
2378
2379
2380
2381
2408
2409
2410
2411
2412
2553
2554
2555
2556
2557
2558
2607
2639
2760
2761
2762
2796
2823
2824
2826
2827
2828
2829
2830
2831
2832
2833
2864
2897
2920
3062
3063
3064
3065
3066
3067
3068
3069
3070
3071
3072
3073
3074
3075
3077
3078
3079
3080
3081
3082
3083
3084
3085
3086
3087
3088
3089
3090
3091
3092
3093
3094
3095
3096
3097
3099
3112
3113
3114
3141
3160
3164
3166
3169
3180
3182
3183
3187
3189
3208
3209
3210
3211
3212
3213
3214
3215
3216
3217
3218
3219
3220
3222
3223
3231
3267
3268
3302
3303
3349
3350
3351
3352
3353
3354
3363
3364
3366
3378
3379
3380
3381
3382
3383
3401
3402
3403
3404
3407
3408
3455
3456
3457
3474
3526
3528
3529
3530
3531
3532
3533
3534
3535
3536
3549
3559
3591
3592
3593
3594
3595
3607
3670
3678
3680
3682
3684
3686
3690
3691
3692
3693
3694
3695
3696
3697
3701
3702
3703
3713
3723
3724
3725
3726
3727
3728
3729
3731
3733
3734
3735
3736
3737
3738
3740
3742
3745
3746
3748
3750
3751
3752
3799
3800
3801
3802
3803
3804
3805
3806
3807
3808
3810
3895
3896
3897
3898
3899
3900
3901
3902
3903
3904
3905
3906
3974
3975
3976
4026
4027
4028
4029
4030
4031
4032
4033
4034
4035
4042
4054
4055
4056
4057
4060
4061
4062
4064
4065
4066
4067
4068
4069
4070
4071
4072
4074
4075
4077
4078
4079
4100
4130
4131
4132
4141
4152
4239
4318
4506
4509
4941
4943
4945
4954
4960
4975
4976
4977
4978
4981
4982
4993
5004
5005
5006
5007
5020
5021
5024
5099
5100
5102
5107
5134
5140
5161
5166
5206
5245
5257
5269
5270
5272
5273
5274
5275
5285
5286
5287
5289
5290
5291
5292
5294
5295
5296
5297
5303
5304
5305
5307
5309
5310
5311
5312
5316
5405
5579
5665
5666
5681
5706
5707
5713
5714
5718
5719
5720
5723
5761
5809
5909
5917
6042
6084
6114
6234
6249
6250
6251
6258
6259
6260
6261
6262
6263
6296
6298
6310
6361
6405
6410
6423
6424
6425
6426
6427
6428
6429
6430
6476
6504
6509
6512
6513
6519
6527
6529
6534
6609
6610
6611
6612
6613
6614
6615
6620
6621
6622
6623
6625
6626
6627
6630
6631
6632
6635
6637
6638
6639
6641
6642
6643
6644
6648
6650
6652
6653
6654
6656
6658
6668
6687
6689
6694
6696
6701
6706
6707
6708
6709
6717
6724
6727
6758
6777
6802
6803
6805
6896
6897
6898
6899
6902
6918
6974
7023
7108
7134
7150
7178
7211
7214
7216
7218
7219
7220
7226
7227
7228
7229
7233
7239
7242
7245
7254
7260
7261
7262
7263
7264
7280
7285
7291
7324
7327
7330
7363
7364
7396
7407
7444
7462
7515
7516
7517
7518
7527
7552
7560
7569
7570
7574
7576
7578
7581
7582
7597
7598
7617
7619
7631
7632
7635
7637
7640
7644
7669
7678
7679
7680
7681
7685
7686
7687
7688
7689
7696
7700
7701
7702
7703
7706
7707
7708
7709
7710
7711
7721
7728
7737
7756
7757
7758
7759
7760
7767
7772
7777
7783
7787
7798
7823
7825
7826
7830
7831
7840
7844
7860
7864
7868
7894
7895
7898
7914
7926
7927
7931
7932
7933
7937
7956
7957
7958
8001
8063
8070
8082
8087
8088
8089
8090
8091
8094
8095
8096
8097
8098
8099
8100
8101
8112
8113
8114
8115
8116
8117
8118
8119
8120
8121
8133
8176
8191
8199
8200
8201
8202
8212
8213
8239
8241
8244
8277
8283
8299
8312
8313
8315
8324
8325
8331
8341
8342
8344
8348
8357
8360
8369
8370
8371
8375
8394
8395
8397
8517
8532
8552
8593
8605
8608
8616
8674
8679
8686
8688
8690
8693
8712
8717
8736
8747
8779
8781
8783
8785
8787
8790
8794
8796
8798
8803
8838
8856
8892
8896
8898
8899
8900
8913
8917
8919
8980
9052
9055
9067
9071
9073
9082
9092
9095
9132
9133
9134
9138
9139
9140
9141
9142
9151
9152
9153
9154
9155
9160
9163
9172
9174
9175
9176
9215
9216
9217
9218
9219
9221
9222
9223
9224
9233
9252
9253
9270
9274
9294
9295
9296
9298
9304
9305
9306
9307
9308
9314
9315
9316
9317
9318
9325
9326
9327
9328
9329
9330
9331
9332
9333
9334
9335
9336
9342
9343
9344
9345
9346
9357
9358
9359
9361
9395
9396
9397
9398
9399
9400
9401
9402
9403
9404
9405
9406
9407
9408
9411
9412
9413
9414
9415
9416
9417
9437
9440
9489
9512
9514
9515
9577
9583
9584
9586
9594
9595
9596
9632
9712
9774
9778
9781
9783
9796
9800
9806
9812
9815
9817
9819
9854
9855
9900
9903
9934
9938
9940
9944
9946
9951
9953
9958
9965
9967
9971
9973
9976
9981
9982
9996
10000
10006
10010
10014
10020
10052
10057
10058
10059
10113
10137
10256
10344
10351
10369
10370
10373
10459
10492
10510
10517
10522
10527
10530
10532
10536
10543
10545
10547
10555
10561
10563
10565
10567
10569
10571
10573
10575
10577
10578
10617
10618
10664
10667
10668
10669
10673
10674
10675
10676
10677
10678
10679
10680
10682
10683
10684
10685
10688
10692
10693
10695
10697
10698
10703
10704
10706
10707
10709
10711
10714
10716
10717
10723
10738
10772
10787
10788
10789
10790
10792
10793
10795
10796
10798
10799
10838
10839
10842
10845
10850
10873
10969
11007
11008
11009
11202
11209
11319
11328
11334
11338
11339
11340
11348
11349
11350
11355
11356
11359
11364
11371
11387
11389
11390
11392
11396
11399
11402
11403
11405
11406
11407
11434
11435
11437
11438
11474
11503
11505
11506
11507
11508
11509
11510
11513
11529
11530
11531
11532
11533
11535
11537
11540
11541
11542
11543
11544
11547
11548
11610
11629
11644
11654
11657
11658
11732
11757
11758
11759
11760
11761
11789
11790
11791
11792
11826
11840
11879
11885
11886
11887
11888
11889
11903
11923
11992
12019
12022
12136
12137
12138
12140
12141
12142
12143
12145
12146
12147
12148
12149
12150
12171
12172
12173
12174
12175
12176
12177
12178
12179
12182
12183
12184
12185
12186
12189
12199
12243
12253
12257
12261
12283
12304
12345
12346
12347
12418
12419
12421
12438
12459
12460
12534
12543
12560
12561
12562
12608
12645
12646
12647
12648
12649
12650
12651
12652
12653
12684
12685
12686
12699
12706
12709
12731
12733
12735
12749
12766
12802
12805
12806
12808
12851
12883
12894
12901
12938
12956
13006
13049
13120
13141
13143
13169
13180
13183
13219
13225
13226
13227
13234
13237
13241
13278
13318
13327
13361
13362
13383
13384
13385
13386
13387
13388
13389
13390
13393
13399
13420
13424
13438
13439
13440
13441
13442
13465
13478
13480
13482
13484
13486
13490
13491
13494
13496
13497
13498
13518
13519
13524
13525
13526
13527
13528
13530
13532
13533
13534
13537
13548
13564
13587
13594
13597
13598
13599
13601
13605
13613
13618
13621
13630
13632
13633
13647
13654
13656
13665
13667
13669
13670
13674
13675
13676
13688
13691
13699
13714
13739
13740
13744
13752
13808
13818
13830
13831
13842
13850
13869
13881
13883
13904
13916
13932
13934
13946
13949
13959
13978
13982
14008
14027
14047
14049
14050
14052
14053
14054
14055
14056
14089
14097
14106
14118
14119
14121
14125
14126
14127
14134
14199
14209
14210
14227
14247
14248
14249
14250
14253
14254
14530
14537
14548
14550
14552
14553
14565
14588
14590
14628
14630
14633
14635
14673
14675
14677
14710
14712
14714
14716
14794
14798
14799
14803
14806
14814
14824
14825
14826
14827
14828
14829
14929
15033
15048
15049
15057
15066
15067
15118
15119
15229
15231
15233
15235
15239
15276
15279
15280
15283
15297
15298
15299
15301
15302
15303
15340
15389
15391
15394
15397
15400
15402
15404
15406
15427
15429
15438
15439
15441
15444
15446
15449
15458
15463
15464
15465
15466
15490
15491
15494
15591
15594
15597
15600
15602
15604
15627
15634
15635
15646
15647
15648
15649
15662
15687
15693
15696
15698
15699
15700
15701
15702
15712
15714
15715
15717
15748
15755
15756
15757
15760
15763
15768
15771
15776
15779
15804
15805
15806
15807
15808
15809
15810
15811
15812
15813
15814
15816
15817
15818
15822
15824
15826
15829
15852
15854
15857
15858
15862
15864
15866
15874
15908
15911
15936
15956
15958
15975
15998
15999
16007
16028
16031
16053
16055
16056
16057
16058
16059
16060
16072
16073
16077
16080
16081
16082
16083
16084
16138
16195
16197
16321
16322
16323
16325
16326
16327
16329
16349
16372
16375
16378
16400
16401
16403
16405
16406
16407
16408
16409
16411
16413
16414
16415
16433
16447
16450
16454
16470
16528
16537
16549
16550
16551
16559
16589
16602
16603
16611
16613
16615
16620
16622
16623
16627
16628
16629
16638
16666
16671
16672
16673
16674
16675
16676
16677
16678
16679
16680
16681
16682
16683
16684
16685
16686
16687
16688
16690
16691
16692
16693
16694
16695
16696
16718
16739
16747
16748
16749
16750
16751
16752
16753
16754
16755
16759
16760
16761
16762
16781
16796
16871
16872
16898
16908
16916
16921
16927
16928
16939
16982
16989
16996
17015
17016
17017
17018
17019
17020
17021
17022
17023
17024
17025
17026
17027
17028
17029
17030
17031
17032
17033
17034
17035
17036
17037
17038
17045
17047
17048
17133
17148
17152
17153
17155
17161
17166
17176
17178
17179
17188
17196
17199
17229
17252
17271
17275
17280
17283
17291
17308
17315
17319
17330
17331
17350
17352
17367
17368
17371
17403
17404
17407
17432
17433
17436
17437
17438
17447
17448
17450
17453
17454
17455
17456
17458
17459
17460
17461
17462
17463
17464
17465
17468
17469
17474
17481
17483
17484
17490
17493
17495
17500
17504
17505
17506
17510
17511
17528
17530
17531
17534
17535
17536
17537
17538
17539
17540
17543
17544
17545
17546
17548
17549
17550
17567
17582
17583
17584
17585
17586
17587
17588
17589
17590
17591
17592
17593
17594
17595
17596
17597
17598
17599
17600
17601
17602
17603
17604
17605
17606
17619
17623
17624
17625
17626
17627
17628
17629
17639
17640
17641
17642
17643
17644
17645
17668
17670
17707
17708
17709
17712
17713
17729
17730
17746
17747
17768
17816
17818
17819
17829
17830
17866
17867
17868
17871
17872
17873
17875
17878
17890
17891
17896
17897
17898
17899
17900
17901
17902
17945
17947
17949
17988
17993
17997
18008
18009
18011
18013
18014
18015
18018
18020
18029
18030
18031
18032
18033
18034
18035
18036
18037
18038
18039
18040
18041
18042
18043
18044
18045
18046
18049
18050
18052
18053
18054
18055
18056
18057
18060
18061
18062
18063
18064
18065
18066
18067
18071
18074
18075
18076
18077
18078
18079
18081
18082
18083
18084
18086
18087
18088
18089
18090
18091
18092
18097
18098
18104
18107
18112
18124
18138
18140
18153
18185
18196
18197
18198
18199
18200
18201
18202
18203
18204
18205
18206
18207
18208
18211
18212
18214
18217
18229
18230
18231
18232
18233
18234
18250
18251
18252
18253
18254
18255
18256
18257
18258
18259
18264
18276
18278
18289
18307
18308
18363
18364
18369
18378
18379
18381
18382
18384
18385
18386
18388
18397
18398
18400
18472
18473
18474
18475
18477
18478
18479
18480
18481
18482
18487
18488
18489
18490
18491
18492
18493
18494
18495
18496
18497
18507
18508
18509
18510
18511
18512
18513
18514
18515
18516
18517
18518
18519
18521
18522
18524
18525
18526
18527
18528
18529
18532
18536
18537
18559
18563
18608
18610
18633
18652
18656
18664
18665
18667
18668
18669
18676
18711
18762
18764
18787
18796
18797
18799
18803
18805
18815
18816
18820
18826
18831
18832
18833
18887
18952
18956
18957
18974
18985
18987
18989
18990
18991
18992
19029
19057
19069
19138
19149
19156
19157
19158
19161
19164
19166
19167
19169
19170
19171
19172
19173
19174
19175
19176
19177
19178
19186
19187
19188
19189
19190
19191
19192
19193
19197
19198
19199
19200
19201
19202
19203
19204
19205
19206
19207
19208
19209
19210
19211
19212
19213
19214
19215
19216
19217
19218
19219
19220
19221
19222
19224
19225
19250
19260
19307
19363
19380
19409
19470
19512
19548
19564
19565
19566
19588
19634
19638
19646
19649
19651
19674
19687
19688
19689
19690
19691
19692
19693
19694
19696
19697
19699
19700
19719
19720
19755
19769
19772
19784
19786
19805
19821
19845
19846
19847
19848
19849
19851
19859
19860
19861
19862
19863
19864
19865
19866
19867
19868
19874
19877
19886
19887
19889
19890
19902
19903
19929
19930
19931
19932
19933
19934
19935
19936
19937
19938
19949
19950
20039
20040
20065
20067
20068
20069
20070
20071
20072
20073
20074
20075
20076
20077
20078
20079
20080
20081
20082
20083
20084
20085
20086
20087
20088
20089
20090
20269
20270
20274
20312
20313
20314
20315
20316
20317
20318
20319
20320
20321
20322
20323
20324
20326
20327
20329
20364
20377
20378
20379
20380
20381
20382
20383
20384
20385
20386
20387
20388
20389
20390
20391
20392
20393
20394
20395
20396
20397
20398
20399
20400
20401
20402
20403
20404
20405
20406
20407
20408
20426
20427
20428
20429
20430
20431
20432
20433
20434
20435
20513
20529
20530
20531
20586
20587
20628
20631
20707
20709
20732
20737
20762
20763
20764
20765
20799
20804
20814
20847
20850
20851
20852
20856
20857
20869
20875
20878
20879
20880
20881
20883
20885
20886
20898
20899
20921
20959
20969
21050
21079
21127
21140
21142
21145
21146
21149
21151
21152
21153
21159
21160
21162
21165
21167
21170
21171
21179
21180
21181
21185
21248
21288
21332
21343
21346
21347
21348
21352
21355
21358
21360
21361
21362
21363
21364
21365
21366
21370
21371
21391
21393
21394
21395
21396
21409
21410
21425
21429
21431
21432
21433
21434
21438
21440
21442
21445
21473
21475
21476
21477
21485
21518
21537
21538
21544
21556
21565
21567
21568
21569
21593
21595
21596
21598
21599
21600
21601
21607
21618
21619
21620
21623
21624
21625
21626
21627
21628
21629
21631
21632
21633
21634
21635
21636
21640
21643
21728
21729
21730
21751
21794
21848
21851
21852
21866
21884
21885
21915
21919
21920
21924
21933
21935
21941
21944
21946
21949
21950
21951
21952
21954
21955
21956
21957
21958
21960
21961
21969
21978
21991
21992
22051
22052
22053
22054
22089
22090
22091
22092
22093
22094
22095
22096
22097
22098
22099
22100
22101
22102
22103
22104
22105
22106
22188
22481
22562
22563
22564
22567
22586
22587
22588
22589
22590
22593
22594
22596
22597
22598
22599
22618
22620
22639
22640
22641
22683
22700
22705
22712
22717
22718
22719
22720
22721
22722
22723
22724
22725
22728
22729
22731
22733
22734
22736
22747
22753
22754
22756
22758
22760
22762
22778
22779
22789
22790
22792
22794
22796
22798
22801
22807
22811
22836
22840
22844
22846
22849
22850
22852
22854
22855
22863
22871
22872
22873
22874
22875
22891
22903
22905
22906
22912
22929
22930
22931
22932
22933
22934
22949
22988
22989
22990
22999
23000
23004
23007
23008
23012
23013
23015
23030
23034
23035
23037
23041
23042
23043
23046
23049
23054
23058
23061
23062
23063
23064
23065
23074
23076
23083
23084
23085
23086
23088
23089
23090
23091
23092
23093
23094
23097
23098
23101
23126
23130
23131
23132
23133
23134
23135
23136
23141
23142
23143
23144
23151
23152
23157
23172
23179
23180
23181
23191
23192
23194
23203
23204
23208
23210
23212
23213
23217
23219
23220
23221
23222
23223
23225
23227
23228
23229
23231
23232
23233
23236
23238
23239
23240
23241
23242
23243
23246
23247
23248
23249
23250
23251
23252
23254
23264
23265
23266
23267
23271
23273
23274
23276
23277
23300
23338
23359
23400
23409
23428
23429
23430
23431
23432
23433
23434
23435
23440
23442
23453
23454
23468
23469
23470
23471
23472
23473
23474
23475
23476
23477
23480
23481
23482
23483
23506
23508
23509
23510
23514
23515
23516
23530
23531
23538
23539
23540
23541
23542
23567
23568
23569
23592
23593
23594
23595
23604
23605
23630
23631
23634
23635
23640
23641
23645
23651
23654
23655
23656
23657
23668
23669
23670
23671
23672
23673
23674
23677
23678
23679
23680
23686
23688
23689
23692
23696
23698
23701
23711
23712
23713
23714
23715
23716
23717
23718
23719
23720
23721
23723
23724
23725
23726
23727
23728
23729
23730
23731
23732
23733
23734
23780
23786
23788
23805
23806
23807
23808
23809
23810
23811
23853
23929
23930
23990
23991
24005
24196
24197
24242
24252
24264
24285
24292
24351
24352
24353
24355
24362
24388
24389
24412
24413
24414
24417
24427
24430
24498
24499
24531
24532
24542
24543
24544
24546
24574
24576
24585
24666
24667
24694
24697
24774
24775
24828
24852
24865
24869
24884
24930
24935
25018
25037
25087
25088
25089
25090
25091
25092
25093
25094
25095
25096
25097
25132
25133
25134
25135
25136
25137
25138
25147
25162
25247
25351
25465
25658
25660
25669
25675
25688
25690
25691
25692
25693
25705
25717
25718
25719
25720
25722
25746
25747
25750
25767
25783
25793
25804
25822
25823
25849
25851
25853
25855
25860
25891
25892
25901
25906
25940
25953
25955
25958
25959
25960
25961
25962
25963
25964
25965
25966
25967
25968
25969
25970
25971
25972
25973
25974
25975
25976
25978
25979
25980
25981
25982
25983
25984
25985
25990
26004
26008
26010
26019
26020
26054
26055
26056
26066
26067
26074
26088
26089
26091
26108
26142
26153
26154
26155
26158
26166
26168
26203
26204
26208
26228
26263
26265
26276
26278
26280
26283
26286
26291
26292
26293
26294
26295
26298
26299
26304
26325
26326
26327
26328
26329
26333
26334
26335
26336
26337
26338
26373
26374
26389
26391
26395
26400
26405
26411
26413
26415
26429
26430
26431
26432
26433
26434
26435
26436
26437
26438
26439
26440
26444
26445
26460
26461
26463
26467
26469
26480
26488
26490
26516
26517
26518
26519
26521
26528
26532
26541
26587
26588
26647
26656
26678
26681
26682
26693
26743
26789
26792
26793
26814
26846
26899
27037
27038
27043
27093
27102
27104
27105
27107
27108
27109
27110
27111
27112
27113
27114
27115
27116
27117
27118
27119
27120
27121
27122
27123
27146
27184
27190
27191
27201
27202
27203
27206
27225
27241
27360
27433
27517
27518
27522
27539
27561
27570
27571
27591
27592
27593
27594
27595
27596
27616
27652
27653
27656
27661
27662
27664
27665
27666
27667
27668
27669
27670
27671
27675
27684
27700
27701
27702
27703
27704
27706
27708
27709
27710
27711
27712
27713
27714
27715
27716
27717
27718
27719
27720
27721
27722
27723
27726
27727
27728
27729
27730
27738
27739
27797
27833
27834
27835
27838
27846
27847
27848
27850
27851
27853
27855
27859
27869
27922
28086
28112
28141
28142
28143
28144
28145
28148
28152
28154
28155
28161
28163
28165
28200
28211
28212
28213
28214
28215
28228
28229
28230
28231
28232
28233
28245
28248
28249
28264
28282
28284
28285
28286
28324
28325
28328
28347
28354
28414
28464
28465
28466
28475
28476
28477
28483
28484
28485
28487
28505
28539
28611
28613
28686
28687
28693
28717
28736
28738
28739
28740
28745
28760
28767
28773
28777
28778
28779
28780
28792
28799
28800
28805
28806
28840
28841
28847
28849
28851
28852
28853
28854
28855
28856
28857
28862
28866
28869
28870
28871
28876
28891
28898
29004
29006
29007
29008
29029
29041
29055
29059
29073
29112
29113
29116
29150
29155
29162
29229
29236
29305
29324
29332
29333
29334
29335
29369
29388
29413
29414
29415
29416
29417
29418
29432
29443
29467
29475
29480
29483
29501
29506
29602
29634
30018
30020
30046
30048
30088
30089
30090
30152
30156
30161
30164
30167
30173
30174
30175
30177
30178
30183
30187
30190
30229
30297
30331
30336
30338
31017
31020
31750
